3 0.000385
13 0.000008
23 0.000003
33 0.000001
43 0.000003
53 0.000003
63 0.000002
73 0.000002
83 0.000002
93 0.000002
103 0.000002
113 0.000002
123 0.000003
133 0.000003
143 0.000003
153 0.000003
163 0.000003
173 0.000005
183 0.000003
193 0.000004
203 0.000004
213 0.000004
223 0.000004
233 0.000004
243 0.000005
253 0.000005
263 0.000004
273 0.000005
283 0.000005
293 0.000005
303 0.000005
313 0.000005
323 0.000007
333 0.000006
343 0.000007
353 0.000006
363 0.000007
373 0.000007
383 0.000006
393 0.000007
403 0.000007
413 0.000007
423 0.000007
433 0.000006
443 0.000007
453 0.000007
463 0.000007
473 0.000007
483 0.000008
493 0.000008
503 0.000007
513 0.000007
523 0.000008
533 0.000008
543 0.000008
553 0.000008
563 0.000009
573 0.000008
583 0.000009
593 0.000008
603 0.000008
613 0.000009
623 0.000009
633 0.000009
643 0.000009
653 0.000009
663 0.000009
673 0.000009
683 0.000011
693 0.000010
703 0.000010
713 0.000010
723 0.000010
733 0.000011
743 0.000015
753 0.000011
763 0.000012
773 0.000011
783 0.000010
793 0.000012
803 0.000025
813 0.000012
823 0.000012
833 0.000012
843 0.000013
853 0.000012
863 0.000013
873 0.000012
883 0.000013
893 0.000013
903 0.000013
913 0.000013
923 0.000013
933 0.000014
943 0.000013
953 0.000013
963 0.000014
973 0.000013
983 0.000015
993 0.000014
1003 0.000015
1013 0.000014
1023 0.000015
1033 0.000015
1043 0.000015
1053 0.000014
1063 0.000016
1073 0.000015
1083 0.000015
1093 0.000016
1103 0.000016
1113 0.000015
1123 0.000016
1133 0.000016
1143 0.000016
1153 0.000019
1163 0.000019
1173 0.000019
1183 0.000018
1193 0.000017
1203 0.000017
1213 0.000017
1223 0.000017
1233 0.000017
1243 0.000017
1253 0.000018
1263 0.000018
1273 0.000018
1283 0.000018
1293 0.000018
1303 0.000019
1313 0.000019
1323 0.000019
1333 0.000018
1343 0.000019
1353 0.000019
1363 0.000019
1373 0.000020
1383 0.000020
1393 0.000019
1403 0.000019
1413 0.000020
1423 0.000020
1433 0.000019
1443 0.000020
1453 0.000020
1463 0.000020
1473 0.000021
1483 0.000025
1493 0.000100
1503 0.000023
1513 0.000021
1523 0.000026
1533 0.000021
1543 0.000022
1553 0.000022
1563 0.000022
1573 0.000022
1583 0.000035
1593 0.000044
1603 0.000077
1613 0.000041
1623 0.000094
1633 0.000036
1643 0.000037
1653 0.000037
1663 0.000036
1673 0.000037
1683 0.000037
1693 0.000038
1703 0.000038
1713 0.000038
1723 0.000039
1733 0.000039
1743 0.000039
1753 0.000039
1763 0.000080
1773 0.000054
1783 0.000045
1793 0.000043
1803 0.000035
1813 0.000026
1823 0.000026
1833 0.000027
1843 0.000027
1853 0.000028
1863 0.000027
1873 0.000027
1883 0.000027
1893 0.000027
1903 0.000027
1913 0.000032
1923 0.000031
1933 0.000033
1943 0.000031
1953 0.000032
1963 0.000030
1973 0.000031
1983 0.000031
1993 0.000033
