3 0.000484
13 0.000192
23 0.000001
33 0.000001
43 0.000002
53 0.000002
63 0.000001
73 0.000002
83 0.000001
93 0.000002
103 0.000002
113 0.000002
123 0.000002
133 0.000003
143 0.000002
153 0.000002
163 0.000002
173 0.000002
183 0.000002
193 0.000002
203 0.000002
213 0.000002
223 0.000002
233 0.000003
243 0.000005
253 0.000002
263 0.000002
273 0.000003
283 0.000002
293 0.000002
303 0.000002
313 0.000002
323 0.000003
333 0.000002
343 0.000002
353 0.000003
363 0.000003
373 0.000003
383 0.000009
393 0.000003
403 0.000003
413 0.000003
423 0.000002
433 0.000002
443 0.000002
453 0.000002
463 0.000001
473 0.000001
483 0.000001
493 0.000002
503 0.000001
513 0.000002
523 0.000001
533 0.000001
543 0.000002
553 0.000002
563 0.000002
573 0.000002
583 0.000003
593 0.000003
603 0.000002
613 0.000002
623 0.000002
633 0.000002
643 0.000001
653 0.000002
663 0.000002
673 0.000002
683 0.000002
693 0.000001
703 0.000002
713 0.000001
723 0.000002
733 0.000001
743 0.000002
753 0.000002
763 0.000002
773 0.000002
783 0.000001
793 0.000002
803 0.000003
813 0.000002
823 0.000002
833 0.000002
843 0.000002
853 0.000002
863 0.000001
873 0.000002
883 0.000002
893 0.000002
903 0.000002
913 0.000002
923 0.000002
933 0.000001
943 0.000001
953 0.000002
963 0.000002
973 0.000002
983 0.000001
993 0.000001
1003 0.000001
1013 0.000002
1023 0.000001
1033 0.000001
1043 0.000003
1053 0.000002
1063 0.000002
1073 0.000002
1083 0.000001
1093 0.000002
1103 0.000002
1113 0.000002
1123 0.000002
1133 0.000001
1143 0.000002
1153 0.000001
1163 0.000002
1173 0.000001
1183 0.000002
1193 0.000002
1203 0.000001
1213 0.000002
1223 0.000001
1233 0.000001
1243 0.000001
1253 0.000002
1263 0.000002
1273 0.000002
1283 0.000001
1293 0.000002
1303 0.000002
1313 0.000001
1323 0.000002
1333 0.000002
1343 0.000001
1353 0.000001
1363 0.000002
1373 0.000001
1383 0.000002
1393 0.000002
1403 0.000002
1413 0.000002
1423 0.000001
1433 0.000002
1443 0.000001
1453 0.000002
1463 0.000001
1473 0.000002
1483 0.000002
1493 0.000002
1503 0.000001
1513 0.000002
1523 0.000003
1533 0.000002
1543 0.000001
1553 0.000003
1563 0.000002
1573 0.000002
1583 0.000002
1593 0.000001
1603 0.000002
1613 0.000001
1623 0.000002
1633 0.000002
1643 0.000001
1653 0.000002
1663 0.000002
1673 0.000001
1683 0.000002
1693 0.000002
1703 0.000002
1713 0.000002
1723 0.000001
1733 0.000002
1743 0.000002
1753 0.000002
1763 0.000002
1773 0.000002
1783 0.000002
1793 0.000002
1803 0.000002
1813 0.000002
1823 0.000001
1833 0.000002
1843 0.000001
1853 0.000002
1863 0.000002
1873 0.000002
1883 0.000002
1893 0.000001
1903 0.000002
1913 0.000003
1923 0.000002
1933 0.000002
1943 0.000002
1953 0.000002
1963 0.000001
1973 0.000001
1983 0.000001
1993 0.000002
